0 364350000 400784112 2905760 364350000 2641600 2905760 28128
364350000 0 2905760 400784112 2641600 364350000 28128 2905760
400784112 2905760 0 364350000 2905760 28128 364350000 2641600
2905760 400784112 364350000 0 28128 2905760 2641600 364350000
364350000 2641600 2905760 28128 0 364350000 400784112 2905760
2641600 364350000 28128 2905760 364350000 0 2905760 400784112
2905760 28128 364350000 2641600 400784112 2905760 0 364350000
28128 2905760 2641600 364350000 2905760 400784112 364350000 0
