0 364257600 400824000 2905622 364257600 2641570 2905622 28128
364257600 0 2905622 400824000 2641570 364257600 28128 2905622
400824000 2905622 0 364257600 2905622 28128 364257600 2641570
2905622 400824000 364257600 0 28128 2905622 2641570 364257600
364257600 2641570 2905622 28128 0 364257600 400824000 2905622
2641570 364257600 28128 2905622 364257600 0 2905622 400824000
2905622 28128 364257600 2641570 400824000 2905622 0 364257600
28128 2905622 2641570 364257600 2905622 400824000 364257600 0
